Loss: 0.5410140752792358
Accuracy: 0.8254364132881165
Confusion Matrix: 
 [[33  1  0  0  0  4  1  0  0  0  0  0]
 [ 4 21  0  0  2  1  0  1  0  1  0  2]
 [ 0  0 35  0  0  0  0  0  1  0  0  0]
 [ 2  0  0 30  3  0  1  1  1  0  0  1]
 [ 0  1  0  5 28  0  0  0  2  1  1  0]
 [ 2  0  0  0  0 26  0  0  0  0  1  0]
 [ 0  0  0  0  0  2 29  0  0  1  0  0]
 [ 0  1  0  0  0  0  0 23  0  0  1  3]
 [ 0  0  0  1  0  0  0  0 27  2  0  1]
 [ 0  0  0  0  0  0  0  0  1 29  0  0]
 [ 1  1  0  0  0  0  0  0  1  0 31  0]
 [ 0  1  0  1  0  1  0  1  3  2  5 19]]
Execution Time: 1192.61
