Loss: 1.6927772760391235
Accuracy: 0.5137156844139099
Confusion Matrix: 
 [[13  6  9  0  3  2  0  0  0  0  4  2]
 [ 7  9  2  1  4  0  3  0  0  0  4  2]
 [ 0  0 33  0  1  0  0  1  0  0  0  1]
 [ 1  3  0 24  7  0  1  0  1  0  1  1]
 [ 1  0  4  6 24  0  2  0  0  0  1  0]
 [ 6  0  2  1  0 10  4  0  0  0  1  5]
 [ 5  1  0  0  1  1 19  0  0  2  3  0]
 [ 1  4  2  0  2  1  0  8  0  0  1  9]
 [ 0  3  2  2  2  1  0  1 14  0  6  0]
 [ 1  0  1  1  2  0  1  0  1 18  5  0]
 [ 0  5  0  1  3  0  0  0  1  1 21  2]
 [ 2  1  2  0  7  0  0  1  2  1  4 13]]
Execution Time: 30.978
