Loss: 1.058426022529602
Accuracy: 0.6508728265762329
Confusion Matrix: 
 [[23  7  1  0  0  4  2  0  0  0  1  1]
 [ 5 15  2  0  4  1  0  0  1  1  1  2]
 [ 0  0 33  0  0  0  0  2  1  0  0  0]
 [ 1  1  1 28  3  0  0  2  1  1  0  1]
 [ 1  2  1  3 26  0  0  0  2  3  0  0]
 [ 6  0  0  0  0 15  4  1  0  0  0  3]
 [ 3  0  0  0  1  2 23  0  1  1  0  1]
 [ 0  1  1  0  0  0  0 13  0  0  1 12]
 [ 1  1  0  0  2  0  0  0 23  3  0  1]
 [ 0  1  0  1  0  0  0  0  1 26  1  0]
 [ 0  2  0  0  1  0  1  0  7  1 20  2]
 [ 0  0  2  1  2  2  0  1  7  0  2 16]]
Execution Time: 328.838
