Loss: 0.91636723279953
Accuracy: 0.6807979941368103
Confusion Matrix: 
 [[26  5  0  0  0  5  3  0  0  0  0  0]
 [ 6 19  1  1  2  0  0  1  2  0  0  0]
 [ 1  0 32  0  0  0  1  1  1  0  0  0]
 [ 3  2  1 25  2  0  0  1  3  1  1  0]
 [ 1  2  0  4 28  0  0  0  1  2  0  0]
 [ 5  0  0  0  0 18  3  2  1  0  0  0]
 [ 5  1  3  0  0  6 16  0  0  1  0  0]
 [ 0  0  1  0  0  0  0 19  0  0  2  6]
 [ 1  0  0  2  0  0  0  0 23  2  2  1]
 [ 0  0  0  0  0  0  2  0  2 26  0  0]
 [ 0  2  0  0  2  0  0  0  4  1 25  0]
 [ 0  1  0  2  1  1  0  2  8  1  1 16]]
Execution Time: 389.014
