Loss: 1.043381690979004
Accuracy: 0.6832917928695679
Confusion Matrix: 
 [[25  9  0  0  1  1  1  1  0  0  0  1]
 [ 2 22  0  1  1  0  0  1  0  3  1  1]
 [ 0  0 28  0  0  0  2  1  2  2  1  0]
 [ 0  0  1 25  8  0  0  2  0  3  0  0]
 [ 0  2  0  3 22  1  0  0  3  2  4  1]
 [ 2  3  0  1  0 20  0  1  0  0  0  2]
 [ 2  2  2  0  0  3 22  0  0  1  0  0]
 [ 0  0  2  0  1  1  0 16  0  0  3  5]
 [ 1  1  0  2  0  0  0  0 24  2  0  1]
 [ 0  0  1  1  0  1  0  0  1 26  0  0]
 [ 0  1  0  0  4  0  0  0  2  0 26  1]
 [ 0  1  0  0  1  3  0  6  0  1  3 18]]
Execution Time: 1283.555
