Loss: 1.2714918851852417
Accuracy: 0.5960099697113037
Confusion Matrix: 
 [[19  6  1  0  2  5  1  2  0  0  3  0]
 [ 5 13  1  2  4  3  1  1  0  1  1  0]
 [ 0  0 33  0  0  0  1  0  1  0  0  1]
 [ 1  1  0 21 11  0  0  1  2  1  1  0]
 [ 0  1  0  7 23  0  0  1  2  0  3  1]
 [ 5  1  0  0  0 20  1  1  0  0  1  0]
 [ 5  2  1  0  0  6 14  0  1  1  2  0]
 [ 1  1  0  1  1  0  0 17  0  0  1  6]
 [ 0  1  0  1  1  0  0  1 18  5  3  1]
 [ 0  0  0  1  0  0  2  0  0 24  3  0]
 [ 0  1  0  0  3  0  0  0  2  1 26  1]
 [ 1  2  1  1  1  2  0  3  3  0  8 11]]
Execution Time: 56.726
