Loss: 0.8443150520324707
Accuracy: 0.6932668089866638
Confusion Matrix: 
 [[25  5  0  0  0  4  4  1  0  0  0  0]
 [ 7 20  0  2  1  0  0  1  1  0  0  0]
 [ 1  0 32  0  0  0  2  0  1  0  0  0]
 [ 3  1  1 25  4  0  0  2  1  1  1  0]
 [ 1  1  1  6 28  0  0  0  0  1  0  0]
 [ 4  0  0  0  0 17  4  3  0  1  0  0]
 [ 5  1  1  0  0  3 21  0  0  0  0  1]
 [ 0  0  0  0  0  0  0 21  0  0  1  6]
 [ 1  0  0  1  0  0  0  0 22  3  3  1]
 [ 0  0  2  1  0  0  2  0  1 24  0  0]
 [ 0  2  0  0  2  0  0  0  2  1 26  1]
 [ 0  1  0  0  1  1  0  2  5  1  5 17]]
Execution Time: 731.936
