Loss: 2.2642533779144287
Accuracy: 0.2219451367855072
Confusion Matrix: 
 [[ 1  4 32  0  0  0  0  0  0  0  2  0]
 [ 3 11 16  0  2  0  0  0  0  0  0  0]
 [ 0  0 36  0  0  0  0  0  0  0  0  0]
 [ 3 11  5  7  5  0  0  0  0  1  7  0]
 [ 3 13  8  0 10  0  0  0  0  0  4  0]
 [ 4  0 24  0  0  0  0  0  0  0  1  0]
 [ 0  2 28  0  0  0  0  0  0  0  2  0]
 [ 1  3 24  0  0  0  0  0  0  0  0  0]
 [ 0  3  9  2  0  0  0  0  0  0 17  0]
 [ 1  9  8  1  0  0  0  0  0  5  6  0]
 [ 1  7  6  0  1  0  0  0  0  0 19  0]
 [ 0  6 18  0  2  0  0  0  0  0  7  0]]
Execution Time: 18.18243
