Loss: 0.4764872193336487
Accuracy: 0.852867841720581
Confusion Matrix: 
 [[32  1  0  0  0  3  2  0  0  0  1  0]
 [ 2 26  0  0  0  0  0  1  1  1  0  1]
 [ 0  0 35  0  0  0  0  0  1  0  0  0]
 [ 0  0  1 32  3  0  0  1  1  1  0  0]
 [ 1  0  0  2 30  0  1  0  0  2  2  0]
 [ 4  0  0  0  0 24  1  0  0  0  0  0]
 [ 0  0  0  0  0  1 30  0  0  1  0  0]
 [ 0  1  0  0  1  0  0 24  0  0  1  1]
 [ 0  0  0  2  0  0  0  0 26  1  0  2]
 [ 0  0  0  0  0  0  0  0  0 30  0  0]
 [ 0  1  0  0  2  0  0  0  1  0 30  0]
 [ 0  0  0  0  0  4  0  2  1  0  3 23]]
Execution Time: 1941.455
