Loss: 1.013177752494812
Accuracy: 0.6758104562759399
Confusion Matrix: 
 [[27  1  2  0  0  1  4  0  0  0  4  0]
 [ 3 14  1  1  3  1  3  1  2  2  1  0]
 [ 0  0 34  0  0  0  1  0  1  0  0  0]
 [ 2  1  0 24  6  0  0  1  2  0  2  1]
 [ 0  0  1  4 26  0  0  0  2  4  1  0]
 [ 6  0  0  0  0 15  6  0  0  0  2  0]
 [ 2  1  1  0  0  1 24  0  1  1  1  0]
 [ 0  0  0  0  2  0  0 21  0  0  1  4]
 [ 1  1  0  1  0  0  0  0 19  5  4  0]
 [ 0  0  0  1  0  0  2  0  0 26  1  0]
 [ 0  0  0  2  1  0  0  0  3  0 28  0]
 [ 1  1  0  0  0  1  0  4  6  1  6 13]]
Execution Time: 125.185
