Loss: 0.5213266611099243
Accuracy: 0.8104737997055054
Confusion Matrix: 
 [[31  3  0  0  0  4  1  0  0  0  0  0]
 [ 3 25  0  1  0  1  0  0  0  2  0  0]
 [ 0  0 35  1  0  0  0  0  0  0  0  0]
 [ 0  0  1 30  5  0  0  1  1  1  0  0]
 [ 1  0  0  5 29  0  0  0  1  1  1  0]
 [ 3  0  0  0  0 25  1  0  0  0  0  0]
 [ 1  1  0  0  0  6 23  0  0  0  0  1]
 [ 0  0  0  0  2  0  0 22  0  0  1  3]
 [ 1  0  0  1  0  0  0  0 24  3  1  1]
 [ 0  0  0  0  0  0  0  0  0 30  0  0]
 [ 0  1  0  0  0  1  0  0  0  1 30  1]
 [ 0  0  0  0  0  5  0  2  2  0  3 21]]
Execution Time: 1056.294
