Loss: 0.7053706049919128
Accuracy: 0.7680798172950745
Confusion Matrix: 
 [[30  3  0  0  0  5  1  0  0  0  0  0]
 [ 4 19  0  1  4  1  0  2  0  1  0  0]
 [ 0  0 35  0  0  0  0  0  1  0  0  0]
 [ 0  0  1 28  5  0  0  1  1  1  1  1]
 [ 1  0  1  2 29  0  0  0  2  1  2  0]
 [ 5  0  0  0  0 22  2  0  0  0  0  0]
 [ 3  0  0  0  1  4 24  0  0  0  0  0]
 [ 0  0  1  0  1  0  0 18  1  0  1  6]
 [ 1  0  0  1  0  0  0  0 24  3  0  2]
 [ 0  0  0  0  0  0  1  0  0 29  0  0]
 [ 0  1  1  0  2  0  0  0  2  0 28  0]
 [ 0  1  0  0  0  0  0  1  5  1  3 22]]
Execution Time: 402.098
