Loss: 0.996063768863678
Accuracy: 0.6832917928695679
Confusion Matrix: 
 [[26  5  0  0  0  3  1  1  1  0  2  0]
 [ 4 15  1  1  2  1  0  2  1  0  3  2]
 [ 0  0 31  0  0  0  0  2  1  0  0  2]
 [ 1  1  0 24  3  1  0  1  3  1  3  1]
 [ 1  0  2  4 26  0  0  0  3  2  0  0]
 [ 4  0  0  1  0 19  4  1  0  0  0  0]
 [ 2  2  0  0  0  5 21  0  0  1  0  1]
 [ 0  1  0  0  0  0  0 20  0  0  1  6]
 [ 1  0  0  1  0  0  0  0 21  2  6  0]
 [ 0  0  1  0  0  2  0  0  0 26  1  0]
 [ 0  1  0  1  2  0  0  0  1  0 28  1]
 [ 0  0  0  0  3  1  0  3  3  1  5 17]]
Execution Time: 106.922
