Loss: 1.7607920169830322
Accuracy: 0.42394015192985535
Confusion Matrix: 
 [[24  3  0  0 10  0  0  0  0  0  1  1]
 [ 7  6  0  2 13  0  0  0  0  0  1  3]
 [ 2  1 27  1  2  0  0  1  0  0  0  2]
 [ 1  0  1 15 22  0  0  0  0  0  0  0]
 [ 0  0  0  3 34  0  0  0  0  1  0  0]
 [14  0  0  1  0  3  0  0  0  0  0 11]
 [10  1  1  2  0  8  5  0  1  3  1  0]
 [ 5  3  0  1  6  0  0  5  0  0  1  7]
 [ 2  0  1 11  5  0  0  0  5  5  2  0]
 [ 0  1  0  4  1  0  0  0  0 22  1  1]
 [ 0  0  0  4 14  0  0  0  1  0 13  2]
 [ 4  3  0  0 12  0  0  1  0  1  1 11]]
Execution Time: 29.873
