Loss: 1.1961430311203003
Accuracy: 0.6483790278434753
Confusion Matrix: 
 [[20 10  0  0  3  2  1  0  0  0  0  3]
 [ 1 19  0  0  3  0  1  1  0  2  2  3]
 [ 1  0 29  1  1  0  2  1  1  0  0  0]
 [ 0  1  0 26  5  0  0  0  2  2  1  2]
 [ 0  1  0  3 24  0  0  0  2  3  4  1]
 [ 3  4  0  1  0 17  0  1  0  0  0  3]
 [ 1  2  2  0  1  5 20  0  0  1  0  0]
 [ 0  0  1  0  2  0  0 14  1  1  2  7]
 [ 0  0  1  3  0  0  0  0 21  3  1  2]
 [ 0  0  1  1  0  1  1  0  1 24  0  1]
 [ 0  1  0  1  2  0  0  1  1  0 26  2]
 [ 0  1  0  2  3  2  0  4  0  0  1 20]]
Execution Time: 735.08
