Loss: 2.298546314239502
Accuracy: 0.3042393922805786
Confusion Matrix: 
 [[21  0  1  0  9  0  0  0  0  0  6  2]
 [ 9  0  0  2 13  0  0  0  0  1  7  0]
 [ 5  1 16  0  2  0  0  0  0  0  3  9]
 [ 3  0  0 20  6  0  0  0  0  0  9  1]
 [ 3  0  0  2 21  0  0  0  0  1 10  1]
 [12  0  0  0  1  0  1  0  0  0  4 11]
 [14  0  1  1  2  0  4  0  0  0  8  2]
 [ 0  0  0  0  6  0  0  0  0  0  6 16]
 [ 1  0  0  4  0  0  0  0  0  1 24  1]
 [ 0  0  0  7  1  0  0  0  0  6 16  0]
 [ 1  0  0  3  1  0  0  0  0  0 29  0]
 [ 4  0  0  2  6  0  0  0  0  0 16  5]]
Execution Time: 22.39317
