Loss: 1.5272990465164185
Accuracy: 0.5486284494400024
Confusion Matrix: 
 [[21  8  0  0  2  2  1  0  0  0  2  3]
 [ 1 18  0  1  2  0  0  1  0  4  3  2]
 [ 0  0 26  3  0  0  4  1  1  1  0  0]
 [ 0  1  0 21  5  0  1  0  3  4  1  3]
 [ 2  2  2  2 19  0  0  0  4  3  3  1]
 [ 4  5  0  0  0 12  1  1  1  1  0  4]
 [ 4  2  2  1  0  6 13  0  1  1  0  2]
 [ 0  1  3  0  0  0  0 14  1  1  0  8]
 [ 0  0  1  6  0  0  0  0 21  2  0  1]
 [ 0  0  1  1  0  1  2  0  1 23  0  1]
 [ 1  0  1  3  3  0  0  1  3  3 16  3]
 [ 0  2  0  1  6  0  0  6  0  0  2 16]]
Execution Time: 374.723
