Loss: 0.701727032661438
Accuracy: 0.7780548334121704
Confusion Matrix: 
 [[29  4  1  0  0  3  1  0  0  0  1  0]
 [ 2 22  0  2  2  1  1  1  0  1  0  0]
 [ 0  0 34  0  0  0  0  0  1  1  0  0]
 [ 0  0  1 26  7  0  0  1  2  2  0  0]
 [ 0  0  0  5 28  0  0  2  2  1  0  0]
 [ 5  0  0  0  0 21  2  0  0  0  0  1]
 [ 2  0  0  0  1  1 27  0  0  1  0  0]
 [ 0  0  1  0  2  0  0 23  0  0  1  1]
 [ 0  0  0  1  0  0  0  0 27  1  0  2]
 [ 0  0  0  0  0  0  1  0  1 28  0  0]
 [ 0  1  0  0  2  0  0  0  2  1 28  0]
 [ 0  1  0  0  0  6  0  3  0  0  4 19]]
Execution Time: 684.913
