Loss: 0.8307783007621765
Accuracy: 0.7206982374191284
Confusion Matrix: 
 [[33  2  0  0  0  3  0  0  0  0  1  0]
 [ 5 16  0  2  4  1  1  1  0  2  0  0]
 [ 0  0 35  0  0  0  0  0  1  0  0  0]
 [ 0  0  0 29  5  0  0  1  1  1  1  1]
 [ 0  0  0  5 27  0  0  1  2  1  1  1]
 [ 8  1  0  0  0 17  0  2  1  0  0  0]
 [ 3  1  1  0  1  2 22  0  0  2  0  0]
 [ 0  0  1  1  0  0  0 20  1  0  1  4]
 [ 1  0  0  1  0  0  0  0 23  4  0  2]
 [ 0  0  0  1  0  0  1  0  1 27  0  0]
 [ 0  1  0  1  2  0  0  0  3  2 23  2]
 [ 0  2  0  0  0  1  0  3  7  1  2 17]]
Execution Time: 389.972
