Loss: 1.0873445272445679
Accuracy: 0.6359102129936218
Confusion Matrix: 
 [[19  7  3  0  1  1  5  0  0  0  2  1]
 [ 6 18  1  1  4  0  1  1  0  0  0  0]
 [ 1  0 33  0  0  0  1  0  1  0  0  0]
 [ 2  0  1 23  7  0  0  1  2  2  1  0]
 [ 2  1  0  2 32  0  0  0  0  1  0  0]
 [ 3  2  0  0  1  6 11  2  0  0  0  4]
 [ 1  1  2  0  0  0 27  0  0  0  0  1]
 [ 0  2  1  0  0  0  0 12  0  0  1 12]
 [ 0  0  0  1  2  0  2  0 14  9  2  1]
 [ 0  0  0  0  0  0  1  0  0 29  0  0]
 [ 0  0  0  0  3  0  0  0  4  2 25  0]
 [ 0  2  0  1  1  0  1  1  3  1  6 17]]
Execution Time: 198.497
