Loss: 0.5229550004005432
Accuracy: 0.8229426145553589
Confusion Matrix: 
 [[31  3  0  0  0  4  0  1  0  0  0  0]
 [ 3 23  0  1  0  0  0  1  2  0  1  1]
 [ 0  0 35  0  0  0  0  0  1  0  0  0]
 [ 1  0  0 34  2  0  0  1  1  0  0  0]
 [ 0  0  0  8 29  0  0  0  0  0  1  0]
 [ 3  0  0  0  0 24  1  0  1  0  0  0]
 [ 3  0  1  0  0  3 25  0  0  0  0  0]
 [ 0  1  0  0  0  0  0 23  0  0  1  3]
 [ 0  0  0  1  0  0  0  0 27  2  0  1]
 [ 0  0  0  0  0  0  0  0  0 30  0  0]
 [ 0  1  0  0  0  0  0  0  1  1 31  0]
 [ 0  2  0  0  0  4  0  2  4  0  3 18]]
Execution Time: 1801.43072
