Loss: 0.5777841806411743
Accuracy: 0.8254364132881165
Confusion Matrix: 
 [[36  1  0  0  0  2  0  0  0  0  0  0]
 [ 3 24  0  1  0  1  0  2  1  0  0  0]
 [ 0  0 35  0  0  0  0  0  1  0  0  0]
 [ 0  0  0 34  1  0  0  2  1  0  0  1]
 [ 0  0  0  2 31  0  0  0  2  1  2  0]
 [ 4  0  0  0  0 24  0  0  0  0  0  1]
 [ 2  0  0  0  1  2 26  0  0  1  0  0]
 [ 0  1  0  0  1  0  0 21  1  0  1  3]
 [ 0  0  0  2  0  0  0  0 21  3  1  4]
 [ 0  0  0  0  0  0  0  0  0 30  0  0]
 [ 0  1  0  0  1  0  0  1  2  0 29  0]
 [ 0  2  0  2  0  0  0  2  3  0  4 20]]
Execution Time: 658.247
