Loss: 0.387688547372818
Accuracy: 0.8603491187095642
Confusion Matrix: 
 [[34  3  0  0  0  1  1  0  0  0  0  0]
 [ 1 26  0  0  0  0  0  2  1  0  1  1]
 [ 0  0 35  1  0  0  0  0  0  0  0  0]
 [ 0  0  0 36  0  0  1  2  0  0  0  0]
 [ 0  0  0  5 32  1  0  0  0  0  0  0]
 [ 3  0  0  0  0 24  2  0  0  0  0  0]
 [ 0  0  0  0  1  4 27  0  0  0  0  0]
 [ 0  0  0  0  0  0  0 24  0  0  1  3]
 [ 0  0  0  0  0  0  0  0 24  1  2  4]
 [ 0  0  0  0  0  0  0  0  0 30  0  0]
 [ 0  1  0  0  0  0  0  0  2  0 31  0]
 [ 0  0  0  0  0  2  0  1  5  1  2 22]]
Execution Time: 6258.36191
