Loss: 0.33233878016471863
Accuracy: 0.8778054714202881
Confusion Matrix: 
 [[34  3  0  0  0  2  0  0  0  0  0  0]
 [ 0 28  0  0  0  0  0  0  0  1  1  2]
 [ 0  0 35  0  0  0  0  0  1  0  0  0]
 [ 1  0  1 31  3  0  0  3  0  0  0  0]
 [ 1  0  0  5 31  0  0  0  0  0  1  0]
 [ 1  0  0  0  0 27  0  0  1  0  0  0]
 [ 0  0  0  0  0  2 30  0  0  0  0  0]
 [ 0  0  1  0  0  0  0 25  0  0  1  1]
 [ 1  1  0  1  0  0  0  0 23  2  3  0]
 [ 0  0  0  0  0  0  0  0  0 30  0  0]
 [ 0  1  0  0  0  0  0  0  1  0 32  0]
 [ 0  0  0  0  0  2  0  2  1  0  2 26]]
Execution Time: 5093.587
