Loss: 0.6600425243377686
Accuracy: 0.7980049848556519
Confusion Matrix: 
 [[30  3  0  0  1  4  1  0  0  0  0  0]
 [ 3 24  0  1  1  1  1  1  0  0  0  0]
 [ 0  0 34  0  0  0  0  0  2  0  0  0]
 [ 0  0  1 31  4  0  1  0  0  1  1  0]
 [ 0  0  0  3 32  0  0  0  2  1  0  0]
 [ 2  0  1  0  0 24  1  1  0  0  0  0]
 [ 3  0  0  0  1  2 25  0  0  1  0  0]
 [ 0  0  2  0  1  1  0 20  0  0  1  3]
 [ 1  0  0  2  0  0  0  0 25  2  0  1]
 [ 0  0  0  0  0  0  0  0  0 30  0  0]
 [ 0  1  0  0  2  0  0  0  3  1 26  1]
 [ 0  0  0  1  0  6  0  4  0  0  3 19]]
Execution Time: 1443.297
