Loss: 1.302310824394226
Accuracy: 0.586034893989563
Confusion Matrix: 
 [[12  4  2  1  0 12  2  1  0  0  2  3]
 [ 3 13  2  0  2  3  0  1  1  0  3  4]
 [ 0  0 30  0  0  0  0  5  1  0  0  0]
 [ 1  0  0 28  4  3  0  0  0  1  1  1]
 [ 1  0  2  3 25  0  0  0  1  5  0  1]
 [ 1  0  0  0  1 24  1  1  0  0  0  1]
 [ 4  1  0  0  1 12 13  0  0  1  0  0]
 [ 0  1  1  0  0  0  0 19  0  0  1  6]
 [ 0  0  0  3  1  1  0  0 10  9  7  0]
 [ 1  2  0  0  0  0  0  0  0 24  3  0]
 [ 0  1  0  1  5  0  0  0  1  1 25  0]
 [ 0  0  1  0  6  3  0  3  0  1  7 12]]
Execution Time: 174.61
