Loss: 0.9475377798080444
Accuracy: 0.6882793307304382
Confusion Matrix: 
 [[25  5  1  0  0  6  1  0  0  0  1  0]
 [ 4 19  0  0  2  0  0  0  0  1  2  4]
 [ 0  0 32  1  0  0  1  2  0  0  0  0]
 [ 2  0  1 26  5  1  0  2  1  1  0  0]
 [ 0  4  0  4 28  1  0  0  1  0  0  0]
 [ 4  0  0  0  0 19  5  1  0  0  0  0]
 [ 3  0  0  0  1  4 23  0  0  1  0  0]
 [ 0  1  1  0  0  0  0 18  0  0  1  7]
 [ 0  0  0  1  2  0  0  0 22  3  2  1]
 [ 0  0  0  0  1  0  0  0  1 25  3  0]
 [ 0  1  0  0  2  0  0  0  5  0 26  0]
 [ 0  2  1  0  3  1  0  3  5  2  3 13]]
Execution Time: 599.111
