Loss: 1.428824782371521
Accuracy: 0.5685785412788391
Confusion Matrix: 
 [[19  3  3  0  7  7  0  0  0  0  0  0]
 [ 3  8  3  2  8  7  0  1  0  0  0  0]
 [ 0  0 35  1  0  0  0  0  0  0  0  0]
 [ 1  0  1 26 10  0  0  0  0  1  0  0]
 [ 0  0  2  5 29  0  0  0  1  1  0  0]
 [ 8  0  1  0  1 19  0  0  0  0  0  0]
 [ 8  0  1  0  2  9  7  0  0  4  1  0]
 [ 0  0  2  2  2  0  0 12  0  0  1  9]
 [ 1  1  2  4  3  0  0  0  6 12  2  0]
 [ 0  0  0  1  0  0  0  0  0 28  1  0]
 [ 0  1  1  2  4  1  0  0  0  0 25  0]
 [ 0  1  1  3  2  1  0  2  0  2  7 14]]
Execution Time: 133.335
