Loss: 2.00567364692688
Accuracy: 0.3441396653652191
Confusion Matrix: 
 [[21  3  7  0  4  2  0  0  0  0  1  1]
 [10  5  3  2  6  2  1  0  0  0  1  2]
 [ 0  0 33  0  1  0  0  1  0  0  0  1]
 [ 2  0  0 18 17  0  0  0  0  1  0  1]
 [ 2  0  4  4 22  2  0  0  0  2  0  2]
 [23  0  1  0  1  1  0  0  0  0  0  3]
 [20  1  2  0  2  0  5  0  0  0  1  1]
 [ 9  0  3  0  1  0  0  2  0  0  1 12]
 [ 1  2  2  3  7  2  1  0  0 13  0  0]
 [ 1  0  3  0  8  0  1  0  1 16  0  0]
 [ 0  1  1  8 16  1  0  0  0  1  3  3]
 [ 4  1  3  1 10  0  0  1  0  0  1 12]]
Execution Time: 56.354
