Loss: 1.5761723518371582
Accuracy: 0.528678297996521
Confusion Matrix: 
 [[20  5  2  0  2  1  0  0  0  0  5  4]
 [ 4 10  1  0  6  1  1  0  0  0  6  3]
 [ 0  0 33  0  1  0  0  1  0  0  0  1]
 [ 1  0  0 26  8  1  0  0  0  0  2  1]
 [ 3  0  0  3 27  0  0  0  1  1  2  1]
 [10  0  0  0  1 17  0  0  0  0  0  1]
 [13  2  0  0  1  5  7  0  0  1  3  0]
 [ 1  0  1  0  1  0  0 10  0  0  2 13]
 [ 1  0  1  1  5  2  0  0  3  5 13  0]
 [ 1  0  0  1  4  0  0  0  1 18  5  0]
 [ 0  0  0  0  6  0  0  1  0  0 27  0]
 [ 2  0  1  0  6  0  0  1  0  0  9 14]]
Execution Time: 89.048
