Loss: 1.7513647079467773
Accuracy: 0.4837905168533325
Confusion Matrix: 
 [[ 5  2  6  2  2  4 14  0  2  0  1  1]
 [ 0 10  4 10  1  0  3  1  3  0  0  0]
 [ 0  0 35  1  0  0  0  0  0  0  0  0]
 [ 0  0  1 36  0  0  0  1  1  0  0  0]
 [ 0  0  1 25  9  0  1  0  1  0  1  0]
 [ 0  0  0  1  0  6 21  1  0  0  0  0]
 [ 0  0  1  5  0  0 24  0  2  0  0  0]
 [ 0  0  2  4  0  0  1 19  1  0  0  1]
 [ 0  0  1  5  0  0  0  1 24  0  0  0]
 [ 0  0  2 10  0  0  0  0 11  5  2  0]
 [ 0  0  0  6  0  0  0  0 15  0 13  0]
 [ 0  0  2  6  0  0  1  6 10  0  0  8]]
Execution Time: 341.454
