Loss: 0.4232049882411957
Accuracy: 0.9002493619918823
Confusion Matrix: 
 [[33  4  0  0  0  1  1  0  0  0  0  0]
 [ 2 28  0  0  0  0  1  0  0  1  0  0]
 [ 0  0 35  0  1  0  0  0  0  0  0  0]
 [ 0  0  0 37  1  0  0  1  0  0  0  0]
 [ 0  0  0  3 35  0  0  0  0  0  0  0]
 [ 3  0  0  0  0 24  2  0  0  0  0  0]
 [ 0  0  0  0  0  3 29  0  0  0  0  0]
 [ 0  0  1  0  0  0  0 25  0  0  0  2]
 [ 0  0  0  0  0  0  0  0 27  1  0  3]
 [ 0  0  1  0  0  0  0  0  0 29  0  0]
 [ 0  0  0  0  0  0  0  0  0  1 32  1]
 [ 0  0  0  0  0  1  0  1  1  0  3 27]]
Execution Time: 10388.81876
