Loss: 0.66044020652771
Accuracy: 0.7855361700057983
Confusion Matrix: 
 [[30  2  0  0  0  4  3  0  0  0  0  0]
 [ 4 20  0  1  2  0  1  2  0  2  0  0]
 [ 0  0 34  0  1  0  0  0  0  1  0  0]
 [ 0  0  0 28  6  0  1  1  2  1  0  0]
 [ 0  0  0  1 35  0  0  0  0  2  0  0]
 [ 4  0  0  0  0 21  3  1  0  0  0  0]
 [ 0  0  0  0  0  1 31  0  0  0  0  0]
 [ 0  1  0  0  1  0  0 21  0  0  2  3]
 [ 1  0  0  1  0  0  0  0 23  4  2  0]
 [ 0  0  0  0  0  0  0  0  0 30  0  0]
 [ 0  0  0  0  3  1  1  0  3  1 25  0]
 [ 0  0  0  0  0  4  1  3  3  0  5 17]]
Execution Time: 548.556
