Loss: 0.8857314586639404
Accuracy: 0.7381545901298523
Confusion Matrix: 
 [[24 11  0  0  0  1  3  0  0  0  0  0]
 [ 2 21  0  0  0  0  2  1  1  3  1  1]
 [ 1  0 34  1  0  0  0  0  0  0  0  0]
 [ 1  0  0 30  5  0  0  0  1  2  0  0]
 [ 0  0  0  3 29  0  1  1  1  2  1  0]
 [ 4  1  0  0  0 20  0  1  1  0  0  2]
 [ 1  3  1  0  1  3 22  0  0  1  0  0]
 [ 0  1  1  0  2  0  0 17  0  1  0  6]
 [ 0  1  2  4  0  0  0  0 20  4  0  0]
 [ 0  0  1  0  0  0  0  0  0 29  0  0]
 [ 0  1  2  0  4  0  0  0  2  0 24  1]
 [ 0  1  0  0  0  1  0  1  2  0  2 26]]
Execution Time: 1078.384
