Loss: 0.3852726221084595
Accuracy: 0.8678303956985474
Confusion Matrix: 
 [[32  4  0  0  0  1  1  0  0  0  0  1]
 [ 1 28  0  0  0  0  0  1  0  0  2  0]
 [ 0  0 35  1  0  0  0  0  0  0  0  0]
 [ 0  0  0 36  0  0  0  3  0  0  0  0]
 [ 0  0  0  3 32  0  1  1  0  1  0  0]
 [ 4  0  0  0  0 24  0  0  0  0  0  1]
 [ 2  1  0  0  0  2 27  0  0  0  0  0]
 [ 0  1  0  0  1  0  0 23  0  0  1  2]
 [ 0  0  0  1  0  0  0  0 23  4  2  1]
 [ 0  0  0  0  0  0  0  0  0 30  0  0]
 [ 0  0  0  0  0  0  0  0  0  0 34  0]
 [ 0  0  0  0  0  1  0  1  3  0  4 24]]
Execution Time: 1482.724
