Loss: 0.3748011887073517
Accuracy: 0.8678303956985474
Confusion Matrix: 
 [[33  3  0  0  0  0  2  1  0  0  0  0]
 [ 3 29  0  0  0  0  0  0  0  0  0  0]
 [ 0  0 35  0  1  0  0  0  0  0  0  0]
 [ 0  0  1 36  1  0  0  1  0  0  0  0]
 [ 0  1  0  2 35  0  0  0  0  0  0  0]
 [ 3  0  0  0  0 21  5  0  0  0  0  0]
 [ 0  0  1  0  0  2 29  0  0  0  0  0]
 [ 0  0  1  1  0  0  0 24  0  0  1  1]
 [ 0  0  0  1  0  0  0  0 25  2  0  3]
 [ 0  0  1  0  0  0  0  0  0 29  0  0]
 [ 0  1  0  0  0  0  0  0  1  1 30  1]
 [ 0  1  0  0  0  6  0  1  1  1  1 22]]
Execution Time: 3056.36123
