Loss: 0.281134694814682
Accuracy: 0.9027431607246399
Confusion Matrix: 
 [[35  0  0  0  0  4  0  0  0  0  0  0]
 [ 1 30  0  0  0  0  0  0  0  0  1  0]
 [ 0  0 35  0  1  0  0  0  0  0  0  0]
 [ 0  0  1 35  1  0  0  2  0  0  0  0]
 [ 0  0  0  1 37  0  0  0  0  0  0  0]
 [ 1  0  0  0  0 26  1  0  1  0  0  0]
 [ 0  0  0  0  0  2 29  0  0  0  0  1]
 [ 0  1  1  0  1  0  0 23  0  0  1  1]
 [ 0  0  0  0  0  0  0  0 25  2  2  2]
 [ 0  0  0  0  0  0  0  0  0 30  0  0]
 [ 0  0  0  0  1  0  0  0  0  0 33  0]
 [ 1  1  0  0  0  2  0  1  3  0  1 24]]
Execution Time: 6791.865
