Loss: 0.4107460081577301
Accuracy: 0.8603491187095642
Confusion Matrix: 
 [[30  5  0  0  0  2  2  0  0  0  0  0]
 [ 3 26  0  0  0  0  0  1  0  0  2  0]
 [ 0  0 35  1  0  0  0  0  0  0  0  0]
 [ 0  0  0 36  1  0  0  2  0  0  0  0]
 [ 0  0  0  2 34  0  0  0  0  1  1  0]
 [ 3  0  0  0  0 25  1  0  0  0  0  0]
 [ 0  0  0  0  1  1 30  0  0  0  0  0]
 [ 0  1  1  0  0  0  0 22  1  0  1  2]
 [ 0  0  0  1  0  0  0  0 26  2  1  1]
 [ 0  0  0  0  0  0  1  0  0 29  0  0]
 [ 0  1  0  0  0  0  0  0  1  0 32  0]
 [ 0  2  0  0  0  1  0  1  5  0  4 20]]
Execution Time: 998.88
