Loss: 0.9427343606948853
Accuracy: 0.6957606077194214
Confusion Matrix: 
 [[21  2  0  0  0  6  5  4  1  0  0  0]
 [ 6 14  0  2  0  0  0  3  1  0  4  2]
 [ 0  0 29  0  0  0  0  6  1  0  0  0]
 [ 0  0  0 34  0  0  0  4  1  0  0  0]
 [ 0  0  0  7 26  0  0  0  3  0  2  0]
 [ 5  0  0  0  0 16  7  1  0  0  0  0]
 [ 2  0  0  1  0  0 27  1  0  1  0  0]
 [ 0  0  0  0  0  0  0 27  0  0  1  0]
 [ 0  0  0  4  0  0  0  0 25  0  2  0]
 [ 0  0  2  2  0  0  0  0  2 20  4  0]
 [ 0  0  0  1  0  0  0  0  4  0 29  0]
 [ 0  0  1  2  0  0  1  4 11  0  3 11]]
Execution Time: 444.28
