Loss: 0.8098761439323425
Accuracy: 0.7406483888626099
Confusion Matrix: 
 [[30  6  0  0  0  1  1  1  0  0  0  0]
 [ 6 19  0  3  1  1  0  1  0  0  1  0]
 [ 0  0 34  0  0  0  0  1  1  0  0  0]
 [ 1  0  0 35  1  0  0  1  0  0  0  1]
 [ 0  0  0  7 27  0  0  0  2  0  2  0]
 [ 7  0  0  0  0 18  2  1  1  0  0  0]
 [ 3  2  0  0  1  2 23  0  0  1  0  0]
 [ 0  0  0  0  0  0  0 21  1  0  1  5]
 [ 0  1  0  3  0  0  0  0 21  4  2  0]
 [ 0  0  0  1  0  1  1  0  0 25  2  0]
 [ 0  1  0  1  1  0  0  0  2  1 27  1]
 [ 0  2  0  1  0  2  0  1  5  1  4 17]]
Execution Time: 245.692
