Loss: 0.6987898349761963
Accuracy: 0.7855361700057983
Confusion Matrix: 
 [[33  2  0  0  0  2  2  0  0  0  0  0]
 [ 4 23  0  1  1  0  0  1  0  0  1  1]
 [ 0  0 33  0  0  0  0  2  1  0  0  0]
 [ 0  0  0 35  0  0  0  3  0  1  0  0]
 [ 1  1  1  5 26  0  0  0  1  3  0  0]
 [ 6  0  0  1  0 13  7  1  0  1  0  0]
 [ 3  0  0  0  0  0 28  0  0  1  0  0]
 [ 0  0  0  0  0  0  0 25  0  0  1  2]
 [ 0  0  0  3  0  0  0  0 24  3  1  0]
 [ 0  0  0  0  0  0  0  0  2 28  0  0]
 [ 0  0  0  1  1  0  0  0  2  1 28  1]
 [ 0  0  0  0  1  1  0  3  6  2  1 19]]
Execution Time: 888.075
