Loss: 2.163623332977295
Accuracy: 0.32418951392173767
Confusion Matrix: 
 [[18  1  2  2  6  0  9  0  0  0  0  1]
 [ 8  3  3 16  1  0  0  0  0  0  0  1]
 [ 0  0 35  1  0  0  0  0  0  0  0  0]
 [ 1  0  0 37  0  0  1  0  0  0  0  0]
 [ 0  0  3 29  6  0  0  0  0  0  0  0]
 [17  0  2  1  0  0  9  0  0  0  0  0]
 [ 9  0  2  3  0  0 14  0  0  1  0  3]
 [10  0  8  4  1  0  0  0  0  0  0  5]
 [ 0  0  3 25  0  0  0  0  0  2  0  1]
 [ 0  0  3 20  0  0  0  0  0  7  0  0]
 [ 0  0  0 29  1  0  0  0  0  1  3  0]
 [ 7  0  3 13  2  0  1  0  0  0  0  7]]
Execution Time: 71.53
