Loss: 0.34841176867485046
Accuracy: 0.8827930092811584
Confusion Matrix: 
 [[31  3  0  0  0  4  1  0  0  0  0  0]
 [ 1 29  0  0  0  0  0  0  1  1  0  0]
 [ 0  0 35  1  0  0  0  0  0  0  0  0]
 [ 0  0  1 35  3  0  0  0  0  0  0  0]
 [ 0  0  0  3 33  0  1  0  0  1  0  0]
 [ 2  0  0  0  0 26  1  0  0  0  0  0]
 [ 1  0  0  0  0  2 29  0  0  0  0  0]
 [ 0  1  0  0  1  0  0 24  0  0  1  1]
 [ 0  0  0  0  0  0  0  0 24  3  4  0]
 [ 0  0  0  0  0  0  0  0  0 30  0  0]
 [ 0  0  0  0  0  0  0  0  0  0 34  0]
 [ 1  0  0  0  1  1  0  1  1  0  4 24]]
Execution Time: 2747.107
