Loss: 1.003231406211853
Accuracy: 0.7032418847084045
Confusion Matrix: 
 [[24  3  2  0  0  2  2  0  0  0  5  1]
 [ 6 14  0  3  3  0  0  2  0  0  4  0]
 [ 0  0 33  0  1  0  0  1  0  0  0  1]
 [ 1  1  0 33  2  0  0  0  0  0  2  0]
 [ 0  0  1  8 27  0  1  0  0  0  1  0]
 [ 7  1  0  0  1 16  4  0  0  0  0  0]
 [ 1  1  0  1  0  1 26  0  0  1  1  0]
 [ 0  0  1  1  0  0  0 22  0  0  2  2]
 [ 1  0  0  3  0  1  0  0 17  3  6  0]
 [ 0  0  0  2  0  0  0  0  0 27  1  0]
 [ 0  0  0  1  2  0  0  0  1  0 30  0]
 [ 0  0  0  1  3  0  0  4  2  1  9 13]]
Execution Time: 170.916
