Loss: 2.408984661102295
Accuracy: 0.11221945285797119
Confusion Matrix: 
 [[ 0  0  0 39  0  0  0  0  0  0  0  0]
 [ 0  0  0 32  0  0  0  0  0  0  0  0]
 [ 0  0  5 31  0  0  0  0  0  0  0  0]
 [ 0  0  0 39  0  0  0  0  0  0  0  0]
 [ 0  0  0 38  0  0  0  0  0  0  0  0]
 [ 2  0  1 23  0  0  0  0  0  0  0  3]
 [ 2  0  1 29  0  0  0  0  0  0  0  0]
 [ 0  0  1 26  0  0  0  0  0  0  0  1]
 [ 0  0  0 31  0  0  0  0  0  0  0  0]
 [ 0  0  0 30  0  0  0  0  0  0  0  0]
 [ 0  0  0 34  0  0  0  0  0  0  0  0]
 [ 0  0  0 32  0  0  0  0  0  0  0  1]]
Execution Time: 24.90174
