Loss: 0.8930539488792419
Accuracy: 0.7281795740127563
Confusion Matrix: 
 [[18  6  0  0  3  4  6  0  1  0  0  1]
 [ 4 21  0  0  2  0  1  0  2  1  1  0]
 [ 0  0 35  0  0  0  0  0  1  0  0  0]
 [ 0  1  0 27  8  0  0  1  1  0  1  0]
 [ 0  0  0  0 35  0  0  0  1  0  2  0]
 [ 3  2  0  0  1 15  7  0  0  0  0  1]
 [ 1  0  1  0  2  2 26  0  0  0  0  0]
 [ 0  1  1  0  0  0  0 17  0  0  1  8]
 [ 0  0  0  1  0  1  0  0 27  0  1  1]
 [ 0  0  1  0  0  0  2  0  3 21  2  1]
 [ 0  1  0  0  3  0  0  0  2  0 28  0]
 [ 0  0  0  0  2  1  0  1  5  1  1 22]]
Execution Time: 684.6
