Loss: 0.8517128229141235
Accuracy: 0.7655860185623169
Confusion Matrix: 
 [[24  8  0  0  1  3  1  0  0  0  1  1]
 [ 2 22  1  0  0  0  0  1  1  1  1  3]
 [ 0  0 34  1  0  0  0  0  0  0  1  0]
 [ 1  0  0 29  3  0  1  2  1  2  0  0]
 [ 0  1  0  1 27  0  0  0  2  3  4  0]
 [ 4  0  0  0  0 22  0  1  1  0  0  1]
 [ 1  2  0  0  0  4 24  0  0  1  0  0]
 [ 0  0  1  1  0  0  0 21  0  2  0  3]
 [ 1  0  1  2  0  0  0  0 23  2  1  1]
 [ 0  0  1  0  0  0  0  0  0 29  0  0]
 [ 0  0  1  0  1  1  0  1  1  0 29  0]
 [ 1  0  0  0  0  4  0  2  0  0  3 23]]
Execution Time: 1912.367
