Loss: 0.5406285524368286
Accuracy: 0.805486261844635
Confusion Matrix: 
 [[30  6  0  0  0  2  1  0  0  0  0  0]
 [ 3 22  0  0  1  1  1  2  0  1  1  0]
 [ 0  0 35  0  0  0  0  0  1  0  0  0]
 [ 0  0  0 34  1  0  0  2  1  1  0  0]
 [ 0  1  0  2 31  0  0  0  2  1  1  0]
 [ 4  0  0  0  0 23  2  0  0  0  0  0]
 [ 1  0  0  0  0  3 28  0  0  0  0  0]
 [ 0  1  0  0  0  0  0 22  1  0  1  3]
 [ 0  1  0  1  0  0  0  0 22  4  1  2]
 [ 0  0  0  0  0  0  1  0  0 29  0  0]
 [ 0  1  0  0  1  0  0  1  3  0 28  0]
 [ 0  1  0  0  0  2  0  1  6  0  4 19]]
Execution Time: 527.382
