Loss: 1.0860819816589355
Accuracy: 0.6733167171478271
Confusion Matrix: 
 [[20 14  0  0  0  1  2  0  0  0  1  1]
 [ 2 17  0  3  3  0  1  1  0  2  2  1]
 [ 0  0 29  1  0  0  2  1  1  2  0  0]
 [ 0  0  0 29  6  0  0  1  0  2  1  0]
 [ 0  1  1  1 27  0  1  0  2  2  3  0]
 [ 4  2  0  1  0 18  0  1  0  0  0  3]
 [ 1  2  3  0  0  5 20  0  0  0  0  1]
 [ 0  1  0  0  1  0  0 17  0  1  4  4]
 [ 0  0  2  4  0  0  1  0 20  4  0  0]
 [ 0  0  2  0  0  0  0  0  3 25  0  0]
 [ 0  1  1  0  1  0  0  1  2  1 26  1]
 [ 0  0  0  1  2  0  0  4  1  0  3 22]]
Execution Time: 594.554
