Loss: 0.5530555844306946
Accuracy: 0.8478803038597107
Confusion Matrix: 
 [[31  1  0  0  1  2  3  0  0  0  0  1]
 [ 2 25  0  1  1  0  1  1  0  0  1  0]
 [ 0  0 35  0  1  0  0  0  0  0  0  0]
 [ 0  0  1 34  4  0  0  0  0  0  0  0]
 [ 0  0  0  2 34  0  1  1  0  0  0  0]
 [ 3  0  0  0  0 23  2  1  0  0  0  0]
 [ 2  0  0  0  0  2 28  0  0  0  0  0]
 [ 0  0  1  0  1  0  0 22  0  0  1  3]
 [ 0  0  0  1  0  0  0  0 26  2  2  0]
 [ 0  0  0  0  0  0  0  0  0 30  0  0]
 [ 0  0  0  0  1  0  1  0  1  1 29  1]
 [ 0  0  0  0  1  1  0  1  4  1  2 23]]
Execution Time: 1013.674
