Loss: 1.6441131830215454
Accuracy: 0.39401495456695557
Confusion Matrix: 
 [[26  5  1  6  0  1  0  0  0  0  0  0]
 [ 6  8  1 17  0  0  0  0  0  0  0  0]
 [ 0  0 34  1  0  0  0  1  0  0  0  0]
 [ 0  0  1 37  0  0  0  1  0  0  0  0]
 [ 0  0  1 30  7  0  0  0  0  0  0  0]
 [21  3  1  2  0  2  0  0  0  0  0  0]
 [16  1  1  7  0  0  7  0  0  0  0  0]
 [ 0  0  3  5  0  0  0 11  0  0  1  8]
 [ 0  0  0 30  0  0  0  0  1  0  0  0]
 [ 0  0  0 26  0  0  0  0  0  4  0  0]
 [ 0  0  1 24  0  0  0  0  0  0  9  0]
 [ 1  1  1 16  0  0  0  2  0  0  0 12]]
Execution Time: 280.383
