Loss: 0.6122525334358215
Accuracy: 0.8179551362991333
Confusion Matrix: 
 [[28  2  0  0  0  3  5  1  0  0  0  0]
 [ 6 20  0  1  2  0  1  1  0  0  1  0]
 [ 0  0 34  0  2  0  0  0  0  0  0  0]
 [ 0  0  0 36  2  0  0  0  0  1  0  0]
 [ 0  0  0  0 37  0  0  0  0  0  1  0]
 [ 4  0  0  0  0 17  7  0  0  0  1  0]
 [ 1  1  1  0  0  0 29  0  0  0  0  0]
 [ 0  0  1  0  0  0  0 23  0  0  1  3]
 [ 0  0  0  3  1  0  1  0 21  1  2  2]
 [ 0  0  1  0  0  0  1  0  0 28  0  0]
 [ 0  0  0  2  2  0  0  0  2  0 28  0]
 [ 0  0  0  0  0  2  0  1  1  1  1 27]]
Execution Time: 1201.134
