Loss: 2.4105212688446045
Accuracy: 0.19201995432376862
Confusion Matrix: 
 [[ 1  0  1  0 21  0 16  0  0  0  0  0]
 [ 0  0  0  0 26  0  5  0  0  0  1  0]
 [ 0  0 15  0 16  0  5  0  0  0  0  0]
 [ 0  0  1  0 33  0  1  0  0  0  4  0]
 [ 0  0  0  0 36  0  0  0  0  0  2  0]
 [ 0  0  0  0 12  0 17  0  0  0  0  0]
 [ 1  0  1  0 15  0 15  0  0  0  0  0]
 [ 0  0  0  0 22  0  6  0  0  0  0  0]
 [ 0  0  3  0 20  0  0  0  0  0  8  0]
 [ 0  0  0  0 20  0  0  0  0  1  9  0]
 [ 0  0  0  0 26  0  0  0  0  0  8  0]
 [ 0  0  1  0 26  0  4  0  0  0  1  1]]
Execution Time: 29.93596
