Loss: 0.5290771722793579
Accuracy: 0.8453865051269531
Confusion Matrix: 
 [[33  0  0  0  1  4  1  0  0  0  0  0]
 [ 5 21  0  1  2  0  0  1  0  2  0  0]
 [ 0  0 35  0  1  0  0  0  0  0  0  0]
 [ 0  0  1 35  0  0  0  2  1  0  0  0]
 [ 0  0  0  4 34  0  0  0  0  0  0  0]
 [ 3  0  0  0  0 22  3  1  0  0  0  0]
 [ 0  0  0  0  0  1 31  0  0  0  0  0]
 [ 0  0  0  1  0  0  0 24  0  1  1  1]
 [ 0  0  0  1  0  0  0  0 25  4  1  0]
 [ 0  0  0  0  0  0  0  0  0 30  0  0]
 [ 0  0  0  0  2  0  0  0  4  0 28  0]
 [ 0  0  0  0  1  3  0  1  4  1  2 21]]
Execution Time: 2170.533
