Loss: 0.36818620562553406
Accuracy: 0.852867841720581
Confusion Matrix: 
 [[30  4  0  0  0  5  0  0  0  0  0  0]
 [ 3 25  0  1  0  0  0  1  0  0  2  0]
 [ 0  0 35  0  1  0  0  0  0  0  0  0]
 [ 0  0  0 35  1  0  0  3  0  0  0  0]
 [ 0  0  0  5 32  0  0  0  0  0  1  0]
 [ 2  0  0  0  0 27  0  0  0  0  0  0]
 [ 0  0  0  0  0  1 30  0  0  0  1  0]
 [ 0  0  1  0  0  0  0 24  0  0  1  2]
 [ 0  0  0  1  0  0  0  0 22  4  2  2]
 [ 0  0  0  0  0  0  0  0  0 30  0  0]
 [ 0  0  0  0  0  0  0  0  0  0 32  2]
 [ 1  1  0  0  0  3  0  1  3  0  4 20]]
Execution Time: 1940.193
