Accuracy:  0.22444
F1Score:  0.17533
Confusion Matrix: 
 [[ 8  3 21  3  1  1  1  1  0  0  0  0]
 [ 8  2 21  1  0  0  0  0  0  0  0  0]
 [ 3  0 29  2  0  0  1  0  0  1  0  0]
 [ 4  0  7 27  0  0  0  0  0  0  1  0]
 [ 2  0 16  7 10  0  0  0  1  0  2  0]
 [ 5  0 15  5  0  1  1  0  0  0  1  1]
 [ 9  0 10  8  2  0  2  1  0  0  0  0]
 [ 7  0 17  2  1  0  0  0  0  1  0  0]
 [ 5  1 14  8  0  0  0  0  1  0  2  0]
 [ 3  0 10  8  2  0  0  0  1  2  4  0]
 [ 2  1 15  3  4  0  0  0  1  0  8  0]
 [ 6  0 20  1  1  1  1  0  0  1  2  0]]
