Accuracy:  0.21945
F1Score:  0.19219
Confusion Matrix: 
 [[ 9  2  1  2  2  1  4  8  0  1  9  0]
 [10  0  3  1  2  0  0  3  0  0 11  2]
 [ 3  1  2  3  0  1  2  2  0  0 22  0]
 [ 0  1  0 28  0  0  0  2  1  1  6  0]
 [ 3  0  3 12  9  0  1  0  1  1  8  0]
 [ 3  0  0  4  0  2  2  7  0  0 11  0]
 [ 2  0  1  8  1  2  5  6  0  1  5  1]
 [ 2  0  0  2  1  0  0  8  0  1 13  1]
 [ 2  1  1  7  2  0  1  2  3  1  9  2]
 [ 0  0  2  9  0  0  1  3  4  2  9  0]
 [ 3  0  1  4  1  0  0  2  1  6 16  0]
 [ 5  0  1  1  1  2  2  4  1  1 11  4]]
