Accuracy:  0.30673
F1Score:  0.29028
Confusion Matrix: 
 [[10  5 14  4  1  0  2  2  0  1  0  0]
 [ 4  6 15  1  1  0  0  2  1  0  0  2]
 [ 0  2 30  0  1  0  1  0  0  1  0  1]
 [ 1  1  7 25  0  0  0  0  2  1  1  1]
 [ 1  2  9  4 14  0  0  0  2  3  3  0]
 [ 4  0 15  2  0  3  3  1  0  0  0  1]
 [ 3  1  8  6  1  2  9  2  0  0  0  0]
 [ 3  1 16  1  1  0  0  3  0  1  0  2]
 [ 2  2 11  3  0  0  1  1  6  1  1  3]
 [ 2  1  8  5  3  0  0  0  4  3  2  2]
 [ 2  1 11  4  2  0  0  0  1  1 11  1]
 [ 4  0 15  0  1  2  2  0  3  1  2  3]]
