Accuracy:  0.28429
F1Score:  0.25209
Confusion Matrix: 
 [[13  2 12  4  1  0  3  3  0  1  0  0]
 [ 7  1 15  3  2  0  0  1  1  1  0  1]
 [ 1  2 28  2  1  0  2  0  0  0  0  0]
 [ 2  1  7 24  1  0  1  0  2  1  0  0]
 [ 2  1  9  6 16  0  0  0  1  1  2  0]
 [ 3  0 15  4  0  2  4  1  0  0  0  0]
 [ 4  1  6  6  2  2  8  3  0  0  0  0]
 [ 3  2 16  2  1  0  0  4  0  0  0  0]
 [ 3  1 10  5  0  0  0  2  4  2  2  2]
 [ 3  0  8  5  3  1  1  1  2  3  3  0]
 [ 2  1 10  4  3  0  0  0  2  1 11  0]
 [ 2  0 16  0  2  4  4  1  2  1  1  0]]
